- OS: Windows-10-10.0.19045-SP0 10.0.19045
- Python: 3.9.16
- Stable-Baselines3: 1.8.0
- PyTorch: 2.0.1+cu117
- GPU Enabled: True
- Numpy: 1.23.5
- Gym: 0.21.0
